170
247
130
234
284
32
39
120
132
15
240
174
221
104
292
28
300
18
76
32
246
145
47
69
245
141
224
26
240
34
120
199
86
61
73
49
21
232
202
156
180
44
216
263
264
119
299
89
190
219
77
188
181
119
207
6
271
279
151
245
148
18
112
196
4
164
270
122
128
53
98
77
35
212
105
177
110
9
300
176
121
289
97
104
179
58
214
45
187
135
159
4
277
235
281
271
31
280
195
74
121
15
194
21
258
230
235
267
85
150
179
248
199
11
173
210
79
294
177
242
71
134
58
281
60
89
10
193
272
214
187
71
260
114
117
11
117
155
284
91
144
33
82
16
166
82
170
93
298
54
102
200
88
91
161
31
122
220
58
208
279
40
150
164
186
183
296
202
212
300
254
174
173
129
123
110
90
248
28
267
204
255
72
256
145
66
197
80
229
219
214
139
79
76
139
294
31
15
81
5
65
26
21
235
69
242
167
18
233
210
79
124
164
69
202
41
222
87
97
193
2
8
13
67
76
27
112
83
105
169
132
277
293
203
161
197
198
30
296
1
85
5
242
158
69
163
62
109
187
250
257
117
7
106
139
181
128
4
67
197
55
152
85
199
57
50
153
62
121
203
137
82
184
169
193
65
34
20
288
53
271
300
80
103
228
159
293
106
196
120
242
182
206
269
191
219
276
48
249
174
105
197
78
14
100
160
207
217
270
127
54
281
131
176
183
292
107
254
142
107
178
160
204
273
267
256
36
273
28
128
128
42
295
121
145
219
103
173
278
212
132
43
29
282
83
43
187
189
158
202
40
265
102
224
99
285
220
82
30
183
218
37
21
253
274
80
170
101
202
22
214
198
243
141
3
256
7
88
182
6
65
102
27
32
109
251
188
76
81
227
271
130
123
73
110
246
193
173
19
39
158
191
105
173
197
124
194
121
135
99
161
278
148
73
99
255
202
208
151
77
36
240
87
294
16
100
3
74
176
268
205
151
172
273
265
259
225
18
221
104
103
16
136
55
202
65
257
182
74
63
269
114
52
65
56
282
259
139
86
131
95
146
172
34
156
175
58
152
251
37
265
192
190
254
24
276
219
47
29
237
211
131
282
84
163
246
191
123
172
129
249
58
33
25
254
79
262
199
82
146
211
225
189
270
222
9
210
5
278
263
164
77
66
293
117
127
234
108
7
137
283
64
182
125
208
262
113
161
6
1
